0.37502769893167576
-0.6021717030543163
-0.19330967747012123
0.5044298526082431
-0.3626120544406756
0.29007043032249424
-0.47660095551589843
0.7116800384509905
0.3562471801765965
0.5013259429865444
-0.3171854111601901
-0.7608882085057183
-0.9420034360766325
-0.2523538697585375
0.7520082815548107
-0.12945269674478044
0.7596657417786745
0.07080510738296497
-0.1060977236690868
-0.7208226967274121
-0.8542846861231783
0.6697799524531215
0.23707274547086046
-0.40822786929006827
0.3241466632094603
-0.6468842202379984
-0.7961754668154223
-0.5340880836673645
-0.8637790949935242
-0.5644530169232189
-0.5064606159206664
-0.45795795006723766
0.7340727502434282
-0.8307204068155428
1.3732356591856019
-0.12418739249149276
-0.35053202362447655
0.9077674924348262
-0.15767912989178967
-0.12663866444531402
-0.34474688834580247
0.581758893133426
0.8013297828841458
0.762741893018501
0.8373514832620705
0.08196938982058488
-0.3207765033759191
-0.68680417363458
2.4038596839642583
-0.6346348370870871
-0.1407018001591743
-0.506320933672724
-0.5987422638242724
0.8436447631420446
-1.116515046657362
0.5306204086770907
-0.17108457394519255
0.6162296224356357
0.8440748760403325
-0.5933755670894425
0.9143480891340064
0.6615041266995787
0.13237546921771318
0.3053519544975387
-0.4421037978176314
0.1844481709118661
0.5814363663000607
-0.6609524637089041
-0.34046156975841685
-0.6104057026585378
0.41749264409971093
0.0751139489123365
1.8387474427377923
-0.3278874844414108
0.8721261547653644
0.5512540884712656
0.9535846418620364
-0.3392410833804641
0.47425757597205526
-0.42567868705371226
-0.5595292259645283
-0.028618126599314397
0.0991952641407809
-0.9254968605760303
-1.0240228030260516
-0.42538104970151536
-0.1677012707166707
0.5430354542709406
0.06949838674737162
0.3381267700650603
0.49048140609549135
-0.12264366558047957
-0.18026363945166707
0.44316983271735955
0.43368281734196595
-1.3715555387014062
0.9283481454684119
-0.25850282064938596
0.6835035226407695
-0.06927012338998123
0.30942443898816574
